index,A,B,C,D,E
1476,0.002759405956998185,0.06544636250389971,0.911667590695144,0.01979250682079995,0.0003341340231584134
781,0.00831896551724138,0.11543794246167262,0.2540737316596627,0.4522534715863399,0.16991588877508362
2374,0.0,0.012194881140611723,0.13137707541207333,0.7423985293713977,0.11402951407591688
270,0.25355126724715804,0.6980605524076638,0.04589554844597645,0.002437041447409596,5.559045179271336e-05
9,0.009424965558812276,0.3243863036373887,0.5769675873453123,0.07527161197483898,0.013949531483647828
2535,0.0,0.0007738161666799447,0.019576593018936748,0.8168961197804852,0.1627534710338982
424,0.6254839958880706,0.34130924538296276,0.02684357464936472,0.006363184079601989,0.0
1110,0.19479535040850748,0.7878988003222018,0.016850827619163004,0.00043667302627458483,1.834862385321101e-05
2515,0.030644336090389114,0.8297998292550264,0.13803991352445802,0.0014835864922874452,3.233463783922499e-05
2274,0.7836569546487993,0.19999611100502598,0.012246934346174715,0.0021000000000000003,0.002
2398,0.9469586466165413,0.04304135338345865,0.01,0.0,0.0
406,0.0,0.0,0.01755336807566107,0.11939189722272525,0.8630547347016136
606,0.004680835380835381,0.06696327635100616,0.4451429859218955,0.44351137383063083,0.03970152851563208
2613,0.0,2.857142857142857e-05,0.006708378200670705,0.5096156616238257,0.4836473887469321
705,0.0,0.002614550197146282,0.021576468576119157,0.4655163882017814,0.5102925930249533
1087,0.003629173719828613,0.09863124863612382,0.6780984733451219,0.21303065221977055,0.006610452079155227
614,0.0,0.004,0.004,0.082,0.91
1324,0.008040816326530613,0.06846462299261695,0.13836998327628766,0.5438114638829146,0.2413131135216501
1431,0.0,0.0008325837975884558,0.03168561914425251,0.924632639263678,0.04284915779448164
863,0.09814386889256146,0.8640733631175984,0.03696149005002754,0.0007647387343368531,5.653920547537568e-05
122,0.0010317834681042228,0.11126348726373567,0.3840210681016522,0.4099022828894895,0.09378137827701816
1033,0.00027549019607843136,0.08377401440104189,0.1662203669237375,0.6765684686395207,0.0731616598396215
1968,0.0,0.002073884140550807,0.011080379330802574,0.2572122551385697,0.729633481390077
2443,0.3247715119122222,0.642136276715524,0.03303454871422122,5.7662658032685786e-05,0.0
1765,0.8176162713805301,0.17907183113350827,0.0012066950093393416,0.002105202476622217,0.0
1308,0.0,0.09004087385255952,0.11406798096653854,0.6138832737337303,0.1820078714471716
2018,0.002,0.0229978354978355,0.07454225917968374,0.37048879442844046,0.52997111089404
2323,0.006190374331550801,0.056035730120849475,0.4859167087370755,0.4315571431878363,0.020300043622687988
467,0.004,0.16104887370471405,0.7727830663162059,0.060168059979080334,0.002
140,6.25e-05,0.002572162367122705,0.04054962528609085,0.8516449601311915,0.1051707522155947
2098,0.06095046374957164,0.9310931744933008,0.00782582916590115,0.00011218396737294498,1.834862385321101e-05
28,0.024125783775132137,0.5538181323849457,0.38619415582296446,0.03557891607025121,0.0002830119467064683
242,0.004515512265512265,0.07566235083384625,0.27561828572260766,0.47472799059960674,0.16947586057842698
2786,0.0,0.002158649789029536,0.03086801860633485,0.6694459811053366,0.29752735049929935
1794,0.002207746569308751,0.5249641220908656,0.43705489287837423,0.035624497042687206,0.00014874141876430205
1273,0.0,0.016777525204793954,0.03240690693891137,0.7423032324166511,0.20851233543964373
856,0.0,0.002418295184418373,0.025655143005412613,0.7973188679910497,0.17460769381911975
1926,6.25e-05,0.004523581477764801,0.04089367610384658,0.8586550100024462,0.0958652324159425
2346,0.002,0.013852591762111099,0.23854298806301444,0.7165162258903155,0.029088194284558944
2834,0.002,0.036049898885846685,0.08314633579102705,0.5423772757880617,0.3364264895350646
2472,0.0,0.014030447085455575,0.03281927445885855,0.5952106589475741,0.3579396195081117
1199,0.4248670618645304,0.33985004461746976,0.1512505467949555,0.07091818181818182,0.013114164904862578
587,0.0003012842271560654,0.07175722357009126,0.5786715350977266,0.3068573953523296,0.04241256175269649
1448,0.0,0.012345497245559812,0.07318982398638046,0.679616545062511,0.23484813370554886
2446,0.8157261626878868,0.1709279165661924,0.011345920745920746,0.002,0.0
2879,0.0,0.002,0.006,0.05726666666666667,0.9347333333333333
1567,0.0007608823529411764,0.06560905755440388,0.3876572116652342,0.49127559952276073,0.05469724890465973
1234,0.0,0.0008803241676573864,0.011741830310265421,0.8632211545929447,0.12415669092913238
1685,0.9134696240601503,0.07973870927318297,0.006648809523809524,0.00014285714285714284,0.0
1896,0.011245524691358023,0.23666234599463631,0.3167895597839653,0.4054524327607162,0.029850136769324152
1778,0.13518142315353185,0.7899000902915643,0.07382815446448052,0.0010719834665697792,1.834862385321101e-05
2038,0.0,0.010067796610169492,0.02960697645203443,0.2605962148802667,0.6997290120575295
2670,0.0,0.002,0.01,0.1330716343817512,0.854928365618249
1350,6.25e-05,0.0055614769704999826,0.0261414367250835,0.5314986906118068,0.4367358956926096
1440,0.026599586184686504,0.8580349554692219,0.11369936286441368,0.0015397067897846652,0.00012638869189327906
2369,0.0,0.002070962810075297,0.008668142032641516,0.03932020952818273,0.9499406856291005
161,0.0,0.009135911248173935,0.007151019543367648,0.6827418536892234,0.300971215519235
24,8e-05,0.016809126284589724,0.1395521556778125,0.7995116833216597,0.04404703471593839
1548,0.0,0.006,0.018814452214452212,0.2820091230675232,0.6931764247180245
2636,0.0,0.012457549185682176,0.04416419057471841,0.3587864868274436,0.5845917734121558
1236,0.0,0.013779532983165982,0.07580032742486123,0.8501174605206682,0.060302679071304814
1583,0.11656560331964917,0.6859464689261365,0.19123244087932917,0.004005486874884747,0.00225
2291,0.0,0.028369783988826405,0.30463811915881206,0.6436253160173513,0.02336678083500991
2132,0.023532956520450007,0.7474016462218571,0.2227178677608473,0.00566115983626385,0.0006863696605813415
746,0.002,0.014449869717910955,0.032312583384110326,0.34399986090256446,0.6072376859954143
1090,0.006678751113376527,0.7896457365425245,0.19976702543941505,0.001842677899241234,0.0020658090054428498
2511,0.0028141385767790263,0.046850323101725724,0.45741170067853393,0.4900048467106201,0.002918990932341316
1174,0.01060363170158159,0.6087565838684905,0.330830711063497,0.043477397085556195,0.0063316762808744275
502,0.055221884353438354,0.8752497460847871,0.06295135232887818,0.0045630312189105585,0.0020139860139860143
1801,0.04880548471548582,0.7188965801434515,0.2214786980827403,0.008787987058322358,0.00203125
375,0.005509867860187554,0.22152929194184895,0.6116183806543222,0.14423527958476043,0.017107179958881103
709,0.0,0.0,0.002,0.10300994248507546,0.8949900575149246
323,0.028898249576510444,0.3021040697371662,0.5397873067482796,0.1160108031613788,0.01319957077666491
2295,0.004037735849056604,0.07964748270299282,0.41566201484185605,0.4571503771745111,0.04350238943158339
2454,0.117452290024109,0.8259533426784548,0.04976095507127962,0.004833412226156555,0.002
1631,0.003085232983970124,0.07280949728388218,0.3956938608918413,0.4506982034133333,0.07771320542697333
632,0.016566406106181035,0.1357851600362164,0.4102970887563231,0.32580099474246604,0.1115503503588134
1607,0.00413882642454071,0.13276263200827232,0.3410022951346132,0.4347663898788668,0.08732985655370697
1612,0.021097259658580413,0.10374903291660048,0.5242678806173126,0.23844848252527495,0.11243734428223169
529,0.06662403292864093,0.7922181183031203,0.13633301502723222,0.004810847727020654,1.3986013986013986e-05
592,0.012935027393899269,0.4375148475069298,0.5157288428258988,0.033481592694558235,0.00033968957871396895
1423,0.0026735042735042736,0.08416715178561215,0.7234964642525911,0.18758632142271012,0.0020765582655826557
2099,0.704808919620312,0.2824690637687519,0.008722016610935834,0.004,0.0
1863,0.0020800000000000003,0.0069426444989201825,0.14696474170879964,0.702059480378288,0.1419531334139926
144,0.002,0.006830385768634197,0.08985494762202556,0.7073361619930265,0.1939785046163143
589,0.12381673382681159,0.503503441674093,0.24979561173429146,0.11814059089647626,0.00474362186832775
673,0.009173542839855853,0.3206155317275975,0.38455336328597695,0.2513581346562348,0.034299427490335044
2353,0.18868117421818575,0.7599423264588377,0.05076989431280955,0.0005926189961812629,1.3986013986013986e-05
789,6.25e-05,0.0006513208137151208,0.033617150180766005,0.641381910466026,0.3242871185394928
2164,0.0023285076537665397,0.1394255013175199,0.8037118443565869,0.05180787382119848,0.002726272850928664
531,0.01936198458587665,0.8885796885840651,0.08881741893119224,0.0032225592750126358,1.834862385321101e-05
1879,0.0,0.025352104791759967,0.07567174205105238,0.2299460446200476,0.66903010853714
2724,0.000216437908496732,0.10161246935196913,0.2345253904052145,0.5627943744028958,0.10085132793142398
2812,0.012278097364531561,0.44787782014031063,0.5150711568405406,0.024403463515132128,0.0003694621394850228
484,0.20129238478338907,0.7509556716369704,0.04360095047674678,0.004094453897418504,5.653920547537568e-05
2420,0.019095233528349867,0.4665917494988508,0.49466308123947395,0.01938511359893803,0.0002648221343873518
157,0.0,0.030056537269933545,0.1000963856647156,0.5977056958063648,0.272141381258986
1453,0.19151991428727366,0.78251392121768,0.02344241460528719,0.0024914152519201287,3.233463783922499e-05
1315,0.008054794520547946,0.07605233438331746,0.24498033823822424,0.48526840993658493,0.1856441229213255
1224,0.0,0.005240983732758716,0.02161585360630712,0.597163993746559,0.37597916891437516
1141,0.02828299795257487,0.5798818479055655,0.32234230137057823,0.06469940195414609,0.0047934508171350275
591,0.2931077150236088,0.632599880370019,0.06564507674185814,0.00863334185052818,1.3986013986013986e-05
1921,0.0,0.002585186353776512,0.008649462335982936,0.9070327613470157,0.08173258996322513
2586,0.0,0.007379553043999882,0.06537051862683065,0.6629134847641807,0.2643364435649884
1185,0.022870855842756683,0.2357200344179727,0.5082050234890843,0.1920421767819925,0.041161909468193904
902,0.002,0.025091380679352692,0.11346766349112326,0.5286601928239938,0.33078076300553033
128,0.010041666666666666,0.08337131463808195,0.2630702810345976,0.531968094412912,0.11154864324774186
191,0.0,0.009205255741524166,0.061957187746729994,0.7382305952123907,0.19060696129935514
449,0.6624355439243135,0.33257876659503816,0.0009422112197788601,0.004043478260869565,0.0
2388,0.6550630127047216,0.3201146747820685,0.01880812811604686,0.006014184397163121,0.0
1956,0.0,0.013041786218313724,0.05601782292526014,0.5650533323949438,0.36588705846148256
95,0.0,0.04533053214133674,0.18951806618064992,0.7568769189193926,0.00827448275862069
1684,0.9877067669172932,0.010293233082706769,0.002,0.0,0.0
1881,0.0,0.00632509829150745,0.06924727551439967,0.6932765055485997,0.2311511206454928
849,0.013565743696369969,0.3614885041621499,0.6020944213910971,0.0183353428950518,0.004515987855331115
2521,0.015348551935454808,0.509919934884618,0.38560392303799007,0.07998361375179436,0.00914397639014294
2037,0.0,0.013101142192886196,0.055345497274558605,0.5307995203586587,0.4007538401738963
1298,0.0,0.004142857142857143,0.011333333333333332,0.13887902187902187,0.8456447876447877
1208,0.0056142562288073105,0.07087416007426556,0.5220541486481045,0.37564710802565004,0.025810327023172316
2790,0.010053734077448391,0.5704253432788352,0.40004712290407346,0.01884879973964279,0.000625
2723,0.004,0.010520833333333333,0.06325699958183159,0.4727367554696378,0.44948541161519745
1410,0.012,0.1100073829612282,0.29042860114927604,0.5208232551933071,0.06674076069618864
1846,0.0020224719101123597,0.02250765599165537,0.9029657183810877,0.06594304260603344,0.006561111111111111
1034,0.0,0.0070983104195726935,0.1059521522677573,0.8173898579491239,0.06955967936354651
2765,0.004,0.07180034472995492,0.2892099410446494,0.5295340742982172,0.10545563992717852
967,0.961863909774436,0.036136090225563904,0.002,0.0,0.0
2372,0.0,0.0,0.0031907046476761618,0.08865798667328212,0.9081513086790418
1120,0.006058088039341866,0.7019649945076109,0.28485256947252496,0.006963142213812275,0.00016120576671035386
1937,6.25e-05,0.04592875963344557,0.041624894273758956,0.6640271205109194,0.24835672558187605
951,0.0023065268065268064,0.08408904679356437,0.36331756460210796,0.47353797998632247,0.07674888181147835
1903,0.0,0.00014285714285714284,0.0012857142857142859,0.05992970066841034,0.9386417279030183
2088,0.002,0.01839344832382807,0.07667678980898043,0.5002688499032699,0.40266091196392184
2221,0.016192684610075916,0.14533820447070617,0.4289008113612827,0.33773956241509445,0.07182873714284084
2890,0.22615725806451611,0.2364491946510717,0.20651452379328342,0.2906887540014166,0.040190269489712216
1533,0.007333349254576252,0.1705057510072838,0.37908925223493883,0.35401908142217975,0.08905256608102145
1571,0.04479253957795521,0.4831893084281674,0.4212513944674659,0.043276936928111014,0.007489820598300383
2287,0.0,0.002,0.0018,0.01846666666666667,0.9777333333333333
378,0.003054692577953448,0.1536747295290514,0.5644280759002368,0.2564783535152031,0.022364148477555437
2082,0.014285714285714285,0.09721707822751874,0.12380144313983826,0.435291796377956,0.3294039679689728
1294,0.014,0.07594531784005469,0.07227618685802324,0.3603362717270969,0.4774422235748252
1445,0.0,0.020121569196893823,0.13599389097010225,0.6961799871777768,0.14770455265522675
2263,0.09072706316735697,0.8998991285073371,0.009143275734079545,0.00021218396737294497,1.834862385321101e-05
2192,0.0,0.006156098803157627,0.009896654613463644,0.39704574084021643,0.5869015057431625
247,0.021182428821822707,0.9237095864737177,0.05473260601349762,0.0003613926769762203,1.3986013986013986e-05
1263,0.0,0.037839533020238486,0.17574194023733533,0.6325453795457078,0.15387314719671866
2310,0.0,0.0572911658843693,0.8769952201626603,0.06279992902506021,0.002913684927910236
2602,0.004,0.09635087501904986,0.1883941528431908,0.45065510638658884,0.26059986575117045
1040,0.0,0.0,0.0,0.030879999999999998,0.96912
1672,0.008105263157894737,0.030954324370247654,0.11958673979064144,0.4720331363484841,0.369320536332732
626,0.04215598309787545,0.378368512584895,0.48143700917839016,0.08388389910256722,0.014154596036272145
1635,0.9391333524390875,0.05494664756091252,0.00592,0.0,0.0
1052,0.9612824561403509,0.03071754385964912,0.008,0.0,0.0
2334,0.9759210526315789,0.024078947368421054,0.0,0.0,0.0
1069,0.7575752822271767,0.20694352752682688,0.033421105367729693,0.0020600848782666966,0.0
130,0.006,0.028193269317872995,0.07196753704238862,0.35479436892276306,0.5390448247169753
2045,0.08469841269841269,0.29859531316035187,0.17367647021966684,0.2730582189542483,0.16997158496732026
2677,0.002,0.012441111111111111,0.042639162052417856,0.24204247221443467,0.7008772546220365
1929,0.0,0.0025637877499247045,0.015803981578650022,0.7174527875076468,0.2641794431637781
1530,0.008,0.1562419731216303,0.36564431826797245,0.3500680189273256,0.1200456896830717
1361,0.004,0.10713868608315404,0.2087820233876028,0.5132423708363693,0.16683691969287404
1698,0.15893610665729402,0.837299478866502,0.0036174306511352443,0.00012863520121548318,1.834862385321101e-05
2643,0.0,0.004,0.004,0.19565867346938776,0.7963413265306123
1832,0.5421536774250587,0.39465563592412967,0.04707943530713454,0.012111251343676993,0.004
163,0.0,0.022217127843909914,0.03647406945839666,0.8385956319481692,0.10271317074952482
839,0.05462163216009164,0.468771126927128,0.41557948531173977,0.04843396653986049,0.012593789061180367
2928,0.004618044515103339,0.12796444136144428,0.5615187862249508,0.24988979561282773,0.05600893228567378
1359,0.0,0.01,0.016051724137931035,0.17457094840334936,0.7993773274587195
2600,0.0,0.01600427402893666,0.08008228985942635,0.5499916314272026,0.35392180468443446
519,0.015555294263093813,0.5781492927043972,0.3844646326692973,0.015992559368213557,0.005838220994998465
918,0.0849565515320966,0.3983816458175535,0.25270815997204,0.2177460096250886,0.04620763305322129
2891,0.32706633850854905,0.6204635931064707,0.03768380545040463,0.014380753629432518,0.00040550930514314976
2289,0.0,0.0,0.008,0.07353015873015872,0.9184698412698412
516,0.007574728652989522,0.3330074494428875,0.5266616026232396,0.11980848813666799,0.012947731144215366
1554,0.0,0.004,0.01485116144018583,0.19837311897485746,0.7827757195849568
296,0.4140310048088294,0.4730809750571009,0.09290722037826987,0.016980799755799757,0.003
1064,0.9018712258703185,0.09008837008927752,0.0040404040404040395,0.002,0.002
728,0.04206595544820182,0.25039786826000116,0.30160029182323655,0.34664038613501447,0.05929549833354604
1195,0.002,0.04713723102464666,0.06174220008304327,0.748562983044107,0.14055758584820288
2768,0.004022471910112359,0.0264244773643737,0.11131926740570824,0.7419924687618964,0.11624131455790918
546,0.0022832056141284906,0.3422158086384605,0.6033848114611079,0.04113637630650518,0.01097979797979798
389,0.000570231529359567,0.054837499007165905,0.3980313676397958,0.4435622604664253,0.10299864135725352
2526,0.006,0.07505556828178175,0.5792171098017884,0.28722319589492235,0.05250412602150734
2929,0.06573262354907639,0.775047980448311,0.13867643534008653,0.02040010351966873,0.00014285714285714284
2550,0.0,0.01605180498417701,0.07859428678025011,0.8215816040573849,0.08377230417818764
2010,0.0,0.008024096385542169,0.08588884068212913,0.3790986873573372,0.5269883755749913
1960,6.25e-05,0.01122656439515611,0.05746413090323628,0.6319895073944456,0.2992572973071619
2249,0.0,0.01554327339925669,0.08281684490510346,0.7691012961388192,0.1325385855568213
81,0.0020526315789473684,0.05991365649314762,0.5499363170749726,0.3393768649391972,0.04872052991373495
2581,0.0,0.013149404761904761,0.09924265508751925,0.7235396662576765,0.1640682738928993
2729,0.0,0.01435367819959275,0.08428096663111397,0.6674237153697398,0.23394163979955335
466,0.002,0.05039708551349496,0.9078515220258206,0.0396923646829068,5.902777777777777e-05
1750,0.00403398715749555,0.2746916983385413,0.7097403757846452,0.011502688719318118,3.125e-05
610,0.00014285714285714284,0.07237903313037476,0.5111366609105643,0.382415705959517,0.0339257428566868
2473,0.0021449208897041964,0.02266040573569192,0.1769429045982541,0.6591879705138668,0.13906379826248297
2395,0.9218738916256158,0.07212610837438423,0.002,0.004,0.0
1435,0.00719571593888346,0.6486072396335961,0.3014269560330809,0.034561657481090025,0.008208430913348946
2227,0.0144,0.04824140688533477,0.3833804037911117,0.417174541398273,0.13680364792528057
1244,0.0,0.0005783862900706902,0.014812106089882785,0.8627047332213561,0.12190477439868992
2877,6.504065040650407e-05,0.027472904868877223,0.07725589844917524,0.7410172650184597,0.1541888910130815
238,0.006,0.0341190507915358,0.1175632942387371,0.4602827901117685,0.3820348648579588
1601,0.0,0.006798293054999038,0.042369440099570846,0.5795680337103467,0.37126423313508333
1043,0.0,0.0,0.0,0.014840816326530613,0.9851591836734694
1768,0.033756158708674,0.8651717324225903,0.09534434683823957,0.0056949751452499,3.278688524590164e-05
1997,0.09867236864944531,0.28872951397826274,0.2466647928582288,0.27151862116502334,0.09441470334903987
2629,6.25e-05,0.0009208128886824635,0.028917871189798387,0.812150806956542,0.15794800896497802
1905,0.006,0.16968636212477442,0.5094357204705452,0.3030868305983351,0.011791086806345195
1493,0.0004300264357190353,0.17884382603182572,0.7372336186246433,0.08338127890781206,0.00011125000000000001
1616,7.142857142857142e-05,0.04315329454740552,0.88119999057672,0.06778019985271233,0.007795086451733419
2022,0.006060606060606061,0.1744490063852941,0.20797499789737584,0.4828460954426638,0.12866929421406037
737,0.0,0.002814624881291548,0.001537194758166332,0.2480897539115365,0.7475584264490057
1862,0.026940507801115402,0.9183045957811816,0.044140402439655425,0.010468684972605346,0.00014580900544285008
682,0.0,0.0002838345864661654,0.008601850268399729,0.29513140514322517,0.6959829100019088
1841,0.0020224719101123597,0.023702461154907737,0.7290677263970202,0.24271400720462663,0.0024933333333333335
129,0.0,0.008166666666666666,0.026725254359312056,0.3703514597363711,0.5947566192376503
1909,0.002,0.057128601748478766,0.3906487182516501,0.5038863446209418,0.046336335378929255
2000,0.018333333333333333,0.08618414545192839,0.19066447767289516,0.45597466728757596,0.2488433762542671
1269,0.004517647058823529,0.044668614535939226,0.18507107101844458,0.6169672403089672,0.14877542707782526
2759,0.5989116279650618,0.37559121537614754,0.02089715665879059,0.0026,0.002
2798,0.054423375138203556,0.8211044463839285,0.11112733928166404,0.013187996039360958,0.00015684315684315683
950,0.0,0.004399412841238372,0.0792331862154817,0.6500204160809762,0.26634698486230396
837,0.008600511418368918,0.533147074228119,0.41933691332181333,0.03459248515868283,0.004323015873015873
1966,0.00010810810810810812,0.026936323186304175,0.2449780733731937,0.6403999927109572,0.08757750262143729
2494,0.0,0.00016499463847339423,0.005965425903107666,0.6623291574159555,0.3315404220424634
1317,0.004,0.03256862745098039,0.16303334835889388,0.47241633006725514,0.3279816941228706
1675,0.0,1.2345679012345678e-05,0.0001234567901234568,0.03154939267224213,0.9683148048586221
2016,0.0,0.0064994621010803656,0.016069259324129666,0.4647714899031541,0.5126597886716359
2273,0.024266666666666666,0.31437186700767267,0.31044652927399496,0.2913227879500379,0.059592149101627835
1060,0.9349711582878766,0.06302884171212345,0.0,0.002,0.0
1151,0.0,0.006761962685908469,0.03304252986626874,0.7664512129259139,0.1937442945219092
2212,4.1666666666666665e-05,0.043379011341057754,0.15664542251033892,0.4575667780380735,0.3423671214438633
681,0.0,0.0006965009209055719,0.02263319508641356,0.5789737160699006,0.3976965879227806
1079,0.03181953387963674,0.5123216174943548,0.41090658543880265,0.04232889344186159,0.002623369745344318
2619,0.0,0.02743752390799515,0.05170807594678355,0.6528203384375582,0.26803406170766314
2209,0.002,0.15825320746261998,0.1733233724482421,0.5536519299299408,0.11277149015919696
908,0.0,0.015028423086365603,0.10272708990482478,0.6551990282881776,0.2270454587206325
532,0.004153968613234332,0.40428849422092705,0.5655147454063286,0.025439522107618212,0.0006032696518915655
2197,0.0,0.002,0.0022584086388569616,0.0860491035067564,0.9096924878543868
1097,0.0013256333442741841,0.09989898077114474,0.8534095944601061,0.04513218877185002,0.00023360265262482204
2876,0.0,1.739130434782609e-05,0.004395352207617121,0.17002520554762968,0.8255620509404055
2652,0.0,0.05127611448708858,0.11399559628373887,0.5876139995705543,0.2471142896586183
1995,0.0041340061676478825,0.09762100016765887,0.10898877030283335,0.46927816615592144,0.3199780572059385
33,0.00011767222935387249,0.021457629362748126,0.08877762437135825,0.8610064622758876,0.028640611760652104
1057,0.9635086466165413,0.03449135338345864,0.002,0.0,0.0
1980,0.0,0.013658488550059198,0.0348145720815652,0.36741573302720143,0.5841112063411742
322,0.0021772222222222223,0.04986834605344642,0.32356724579990215,0.5339743718799829,0.09041281404444634
2712,0.00014250000000000002,0.007514155836680232,0.07257418305318758,0.818917912627715,0.1008512484824182
1615,0.005404551966737362,0.4009685589088862,0.570578898680174,0.022193484630248547,0.0008545058139534885
1062,0.8556593137254902,0.14188830532212882,0.0024523809523809524,0.0,0.0
321,0.8208472431077694,0.17915275689223056,0.0,0.0,0.0
477,0.007521368943102007,0.21142278208392193,0.7505404080443644,0.030294017652364565,0.000221423276247663
2191,0.0,0.004057142857142857,0.00286281081936158,0.33436929250413494,0.6587107538193606
2226,0.07114544618515962,0.5266214716018947,0.24885692749376578,0.13196464249930534,0.021411512219874588
1632,0.049089872720304316,0.6168939155708384,0.17828067816040422,0.1415243786770352,0.014211154871417763
1222,0.0,0.004,0.02405747824327059,0.12477662704132356,0.847165894715406
234,0.037644665944235677,0.1924673818839698,0.2864549920316583,0.365800816946109,0.11763214319402718
540,0.0,0.002550096208262592,0.012959804038211668,0.659243954615328,0.3252461451381978
1270,0.004,0.012895939061068975,0.09672747946242434,0.8061206732786019,0.08025590819790479
1439,0.02495079456940476,0.6534597867128793,0.3151596492282062,0.004367942604787472,0.0020618268847227765
2569,0.0,0.0003278943096031603,0.01721447407107173,0.668360382329906,0.3140972492894189
143,0.0,0.002464021239688511,0.028911280261970585,0.7519500791717127,0.21667461932662804
505,0.0212646298324339,0.7372296002456238,0.223358079120065,0.016124434987923656,0.0020232558139534882
2253,0.002,0.014071428571428572,0.12130314234779149,0.4138472206767216,0.4487782084040583
1326,0.002,0.0022431182618920372,0.014709160784543584,0.4717069706606971,0.5093407502928673
731,0.002,0.01888077350648508,0.17821383673318178,0.4934781857212778,0.30742720403905555
2501,0.8236496434937611,0.1461793608352432,0.012147186147186148,0.018023809523809525,0.0
2775,0.04406890435753996,0.7624480353652884,0.17884331151553923,0.014639748761632286,0.0
818,0.7848810599946193,0.1768923056228141,0.028226634382566586,0.004,0.006
2539,0.0,0.016916378940913544,0.0795908359228968,0.8213253559936058,0.0821674291425842
2046,0.0,0.00022771891365241747,0.011075000694676195,0.3334679572368172,0.6552293231548542
442,0.7602056969657394,0.22112386833156777,0.016670434702692766,0.0016363636363636365,0.00036363636363636367
1343,0.0,0.002,0.010216905901116426,0.14231666551094468,0.845466428587939
1693,0.9850621379028967,0.014937862097103224,0.0,0.0,0.0
2153,0.06665155285114208,0.7038429290430821,0.21731161198955407,0.012116664288282607,7.724182793950235e-05
2819,0.0,0.0021538461538461538,0.02018258886334606,0.6356863176021283,0.34197724738067936
1888,0.0,0.013956488320477127,0.07069002984047776,0.645196972167134,0.27015650967191096
436,0.7107163640632421,0.2500815178691827,0.021147830250129472,0.0180403018034597,1.3986013986013986e-05
2628,0.0,0.0005506203075023095,0.012451987781515685,0.9289421447381033,0.058055247172878396
915,0.002,0.13577596701973638,0.147006681662618,0.5046026541638042,0.21061469715384135
2709,0.0026285597572362276,0.07418222788021087,0.4496105496710991,0.42646086181164466,0.04711780087980901
2014,0.0,0.005207587519584073,0.022200664354384586,0.4802218718172678,0.49236987630876367
1505,0.0,0.01814285714285714,0.01654595465574765,0.16951511458545052,0.7957960736159447
1130,0.012560641131335194,0.6420127759438321,0.33460845379774107,0.00967179976201184,0.0011463293650793651
2635,0.040233333333333336,0.15145851635664734,0.23362971486365333,0.40633636740034657,0.16834206804601945
2599,0.0,0.006,0.024931691768268385,0.17508732835682392,0.7939809798749077
1751,0.0003047945205479452,0.02978050185221019,0.8112057553284219,0.154983634371879,0.0037253139269406398
760,0.0,0.02208459383753501,0.08620142449426732,0.5680098757670389,0.3237041059011588
435,0.84910034244306,0.150756800414083,0.00014285714285714284,0.0,0.0
2912,0.010071428571428571,0.0865695668264841,0.21357879992388729,0.634776178228383,0.05500402644981684
1906,0.0,0.00848809046217378,0.044552145801739745,0.8151765591459994,0.13178320459008697
657,0.002,0.01,0.03501004877176961,0.2533807186634791,0.6996092325647512
7,0.007229029830883257,0.16331206759626773,0.7509010777695582,0.07610071098215292,0.002457113821138211
1248,0.01707064042963058,0.2664722015126334,0.32983288218856743,0.3325129169596772,0.054111358909491585
2919,0.0,0.0,0.0,0.004066703025767191,0.9959332969742329
685,0.003,0.032697470118761236,0.10135810602234085,0.5862631472266525,0.2766812766322451
486,0.0,0.0394501987131207,0.8628650683959437,0.09351806622426902,0.004166666666666666
461,0.0406501596137331,0.7510050083982137,0.1967929339681658,0.010181322858614178,0.0013705751612728355
569,0.03549442372472826,0.39235939264060715,0.3403570276199275,0.21656108490190862,0.01522807111282867
65,0.819539123396999,0.17441497677395482,0.004045899829046094,0.002,0.0
2503,0.36106004029138267,0.5708960108480228,0.05962297631741168,0.008420972543182798,0.0
362,0.00034957849426875973,0.053155282275825916,0.4294202214027219,0.49378514221960157,0.023289775607581893
1945,0.16838058608058612,0.25479409609997844,0.26218542847731485,0.21179797878479423,0.10284191055732637
2577,0.0,0.025928669928688735,0.28713507720396114,0.6059546128908707,0.0809816399764795
2211,0.011194444444444444,0.1820106489809684,0.4560296960636819,0.29156670903085413,0.05919850148005117
1206,0.0,0.0001530556453350571,0.0009853116768637233,0.2663659246081157,0.7324957080696854
2673,0.002,0.09942199612371988,0.22408123039319228,0.4834266266094457,0.19107014687364227
2089,0.03155874746418819,0.30862153043379753,0.3710443240329656,0.23804425272634885,0.05073114534269964
395,0.0,0.01007993557337013,0.0873730737188232,0.6406712782480258,0.261875712459781
455,0.021529325338885456,0.6936314626182243,0.26317565570364543,0.021626314511305225,3.7241827939502355e-05
1515,0.004,0.0705,0.09626666666666667,0.35163554421768706,0.4775977891156463
488,0.002,0.07009143830155112,0.9102181025594254,0.015466792954541012,0.002223666184482694
1345,0.010045977011494253,0.16833472538434294,0.24568137475445306,0.41339370968438316,0.16254421316532675
884,0.006,0.0417017284166782,0.09287930117844989,0.35859192816952473,0.5008270422353471
2238,0.0,0.007063274441841996,0.01771851173961982,0.36576345628154366,0.6094547575369944
1659,0.024950596268783442,0.2510749142595535,0.5722044036720857,0.13733123182796717,0.014438853971610297
222,0.0,7.569894964473278e-05,0.01704588711843241,0.8581433756190722,0.12473503831285103
2672,0.00808,0.2050677011877012,0.25235717450340145,0.3628561816265997,0.17163894268229762
218,8e-05,0.0036028409737095483,0.11813668239748526,0.7789266817870847,0.09925379484172087
777,0.004,0.06613642678150757,0.41395394126921725,0.370312331117241,0.14559730083203434
616,0.004793157127715951,0.13214925380191272,0.4487582941404247,0.3520665426363559,0.0622327522935909
2092,0.3367976223538797,0.56097705435716,0.07383151833360033,0.026279818941374048,0.002113986013986014
2745,6.25e-05,0.022112907887254202,0.15180585634383145,0.5064547093301689,0.3195640264387455
598,0.002357306636119651,0.049337349141176046,0.5808731335603077,0.3386886270290761,0.028743583633320264
160,0.24634947730390766,0.388029260445148,0.22973281511455673,0.11728844713638764,0.018600000000000002
996,0.0,0.046209841069064436,0.8953220039842996,0.053326360739381205,0.005141794207254734
2394,0.9043389306599834,0.09366106934001672,0.002,0.0,0.0
1183,0.36594884461072025,0.4944991233490111,0.09635727909093993,0.02809475294932876,0.015099999999999999
483,0.04926484221953906,0.9003153850134097,0.047487768304577176,0.0028522094430449454,7.979501942886405e-05
2872,0.0,1.9607843137254903e-05,0.01086084596518033,0.21498284116926564,0.7741367050224167
432,0.9814824561403508,0.012517543859649123,0.0,0.006,0.0
194,0.0,0.0,0.006264462745465038,0.19530865092503774,0.7984268863294972
758,0.002,0.00714702380952381,0.05608737206172614,0.4953234626552404,0.4394421414735095
2502,0.06526399486460407,0.9116892728896013,0.022204198716128772,0.000722738510236947,0.00011979501942886406
1782,0.6360459703935158,0.34660506336441427,0.017348966242069712,0.0,0.0
2390,0.6080384961420209,0.3571692796227268,0.02453643242255982,0.01025579181269254,0.0
559,0.002,0.0024845568121257835,0.020022359744998844,0.812847513081283,0.16264557036159263
2818,0.002,0.0147445625470581,0.03191548073284659,0.42122684172884245,0.5301131149912528
437,0.6113725183446541,0.3807261344608952,0.007901347194450663,0.0,0.0
2592,0.09740229885057472,0.35284748681469186,0.2121738278975734,0.25162505753646985,0.08595132890069024
2181,0.7155954712362302,0.03240452876376989,0.186,0.066,0.0
326,0.0,0.0,0.0018,0.031243488943488943,0.966956511056511
1226,0.012375,0.12113665958394976,0.34405012833949195,0.47294283665963877,0.04949537541691965
2064,8e-05,0.09374933881491758,0.1788851815352375,0.6540545032891408,0.07323097636070472
2764,0.01024118299368022,0.2715108758734582,0.3534861640485583,0.27858555855627976,0.0861762185280234
1036,0.0,0.00025400607821718325,0.006188176402524657,0.6843906571402506,0.3091671603790078
64,0.061233166107612105,0.4668874127404037,0.41397258423178546,0.05383120906631761,0.004075627853881278
445,0.316656743182566,0.6656910653013765,0.017054979606631014,0.0005648772715870123,3.233463783922499e-05
197,0.0,0.00978813629825339,0.050213568421592136,0.5640608975688648,0.37593739771128964
642,0.0,0.0008351947180126216,0.015644058588198485,0.8341339036392325,0.1493868430545566
1991,0.0,0.01872297210901683,0.06478954169828847,0.6647256541273675,0.2517618320653272
823,0.01636112199001348,0.7448621173254119,0.23452690696023262,0.0037186037243420148,0.00053125
1634,0.09423506632530647,0.37056314555549646,0.5075605606051852,0.025310589718623034,0.002330637795388653
1156,0.002,0.06753276154890597,0.23706916909469544,0.5657441287264846,0.1276539406299141
141,0.014095238095238095,0.14428317554276293,0.4225743444681249,0.3896726905672463,0.029374551326627762
1696,0.7018316587598277,0.2873133995389105,0.00885494170126182,0.002,0.0
2811,0.011652294469523412,0.6707835109857064,0.30392153544180395,0.01161140910296621,0.00203125
2804,0.17545085798204504,0.7289106066570168,0.08167575310639161,0.01196278225454654,0.002
2544,0.02623077837195484,0.20658643874466726,0.2585966508753665,0.37954102765790143,0.12904510435010996
2347,0.12335111638591387,0.5046736030825074,0.3366818373203973,0.03234195276614254,0.0029514904450388324
1012,0.9202313859515098,0.07724891707879324,0.0025196969696969695,0.0,0.0
132,0.004,0.06271874267804878,0.3409225324672766,0.5259870680686796,0.06637165678599558
922,0.002,0.030510410707999907,0.1468499070413649,0.6257019852483986,0.19493769700223681
16,0.05108829401055634,0.38666367314724526,0.38795562471573464,0.132059621241218,0.0422327868852459
1574,0.3801215813750067,0.6057844768967562,0.014001323828954299,7.4269275429817e-05,1.834862385321101e-05
1044,0.0,0.0,0.0,0.0148,0.9852000000000001
1288,0.11172563901930099,0.3401827908125159,0.198560343061956,0.2751578937728938,0.07437333333333333
2487,9.523809523809523e-05,0.03128004300402434,0.0743269886927753,0.479566608074147,0.4147311221338152
1568,0.002054054054054054,0.06866016157276743,0.16171043015771647,0.6250466279686833,0.14252872624677848
1275,0.0,0.006147002801120448,0.006908134587944848,0.5172917301696592,0.4696531324412756
1460,0.33774976380753724,0.5845082382191474,0.07039877205238468,0.007319970106977266,2.325581395348837e-05
2785,0.0,0.004071428571428571,0.023031049427789333,0.5424031518357768,0.4304943701650055
1519,0.00544205535556231,0.10069317566234318,0.23101133267728238,0.41921914410527067,0.24363429219954147
1669,0.0,0.0020714285714285717,0.004259214151083618,0.41199419340704907,0.5816751638704388
1295,0.004,0.04214634146341464,0.07565853658536585,0.21741567864236444,0.6607794433088551
2579,0.0,0.008163612649230694,0.11800728797618226,0.7864772823856325,0.0873518169889547
1920,0.002,0.028247443734482073,0.1589582843153052,0.6567508248554761,0.15404344709473644
1303,0.0,7.142857142857142e-05,0.003456474921275032,0.2988731643535548,0.6975989321537418
1761,0.9474401837271403,0.04835346706651038,0.004206349206349207,0.0,0.0
857,0.003,0.047345291909195626,0.15943517002168597,0.5603936633726471,0.22982587469647134
584,0.0025,0.037083813434059004,0.4975783481110528,0.39961785150620444,0.0632199869486839
864,0.30548972585625256,0.6521210175867747,0.0420854282485387,0.00027149367059471565,3.233463783922499e-05
1132,0.0055326775096647225,0.4196024377612239,0.5638119099156425,0.010750343234521684,0.00030263157894736844
1813,0.08989188406260222,0.7924971525442832,0.11261160213314332,0.004903770808178588,9.559045179271337e-05
1192,3.773584905660377e-05,0.01675313734470272,0.370096163195941,0.55300062442629,0.06011233918400934
2748,0.028658215475312727,0.619954524555997,0.33650125509013873,0.014858607618277772,2.73972602739726e-05
1804,0.4906292535064617,0.39756555311952946,0.09536109399512696,0.012444099378881988,0.004
1611,0.001650364233743812,0.2113940206648548,0.5190623926888164,0.25269089247000687,0.015202329942578141
444,0.34470182838341246,0.640646330020695,0.012542772462766895,0.002090720509272355,1.834862385321101e-05
2379,0.9181710526315789,0.07532894736842105,0.0065,0.0,0.0
1420,0.04960449487698378,0.9076990003498108,0.03928615386469327,0.003378016270672709,3.233463783922499e-05
1214,0.0,0.00459169890688767,0.042083584139202754,0.7102237217673126,0.24310099518659684
2836,0.0,0.00016917293233082706,0.010846220587378157,0.2634179583708152,0.7255666481094758
94,0.004668024959753737,0.3650868962949825,0.43610789371532277,0.19401551836327446,0.00012166666666666668
1323,0.002,0.0002400020606712011,0.010145425644003784,0.49308164747665656,0.49453292481866845
596,0.025463109636303702,0.37936040804995674,0.43515627364656684,0.14036069577509389,0.019659512892078682
1662,0.0,0.004073354341736694,0.04362154558194556,0.5043545089848468,0.44795059109147123
398,0.0,0.002129335846488128,0.015229803680225093,0.5746021265510982,0.4080387339221888
631,0.0044666666666666665,0.0892583980073682,0.4072043340033015,0.44989888471475353,0.049171716607910095
1367,0.0,0.012,0.026275294117647056,0.29513219732337376,0.6665925085589791
139,0.053635076201188986,0.8197330681855977,0.12475562589524791,0.0016174916363316677,0.0002587380816339732
2051,0.0,0.004403445891530258,0.010112264322069105,0.7109881670111297,0.27449612277527097
2281,0.014321428571428572,0.16879152149817803,0.19351352414974957,0.5604042440346585,0.06296928174598526
714,0.0,0.0020833333333333333,0.009161750789096245,0.18094858594115718,0.8078063299364133
2432,0.0264010130079429,0.18514615622539193,0.7465197539402816,0.03787790178833194,0.00405517503805175
151,0.0,0.0008745066644032244,0.028913581679022582,0.5020206436003948,0.46819126805617933
1169,0.34338468969629826,0.4105141580575875,0.20855212318758995,0.03299162016695601,0.004557408891568319
1766,0.2642239731415181,0.7207980922554806,0.014528457484163915,0.0004354911048513487,1.3986013986013986e-05
2516,0.1617118876529669,0.7163726960049198,0.09539690301918764,0.020232799037211514,0.006285714285714286
548,0.009695055436276448,0.14679493484538636,0.6464515732975638,0.19219498765354975,0.004863448767223572
125,0.016,0.08941203526865292,0.14750585640007144,0.4131641317319101,0.3339179765993657
1121,0.0366281926952408,0.6014567685162264,0.34801714873102974,0.011606291495882107,0.002291598561621445
2807,0.053129045801784305,0.6850968921593382,0.22235263633607602,0.03938506206643765,3.6363636363636364e-05
2202,0.0,0.019649664117484568,0.09584739882871442,0.5172099283396884,0.36729300871411263
2478,2.8985507246376814e-05,0.1686474710084154,0.750580048125071,0.07190102792173406,0.00884246743753323
1061,0.36087037333909394,0.5971741802967887,0.03595544636411745,0.004,0.002
2117,0.03615938490856316,0.41681779332044444,0.36796144427560223,0.15784471082872353,0.02121666666666667
1734,0.0242,0.11884053298057604,0.7523681215199488,0.10453231772169747,5.902777777777777e-05
2284,0.002,0.009017959439354788,0.09467709165582301,0.6796023295194583,0.21470261938536392
2852,0.0,0.014896518027273604,0.04100757033187572,0.4295430148863541,0.5145528967544966
701,0.00013333333333333334,0.056845088502617186,0.0697536175044407,0.5967329811455986,0.2765349795140097
2264,0.00041261730754484376,0.08711973019320038,0.6861318335988391,0.1940364479626444,0.032299370937771056
892,0.0,0.002,0.030949084797273152,0.934457195866362,0.03259371933636461
288,0.002065040650406504,0.03277299052573443,0.1512496064184847,0.5250255943756471,0.2888867680297274
359,0.0021081255028157684,0.045555455604074646,0.5609330547421757,0.36205705278853667,0.029346311362396793
2809,0.0008097899815757581,0.09217955994821696,0.8970610755950664,0.009740440451982612,0.0002091340231584134
2517,0.004434367201426024,0.07965942233828704,0.37154955822955016,0.5033554088091147,0.041001243421622216
2002,0.0,0.002521926232828538,0.0048817122602872924,0.30040618051260387,0.69219018099428
796,0.006570436507936508,0.023895000135570322,0.19492194911395103,0.6453042793458281,0.12930833489671428
2009,0.0,0.004199096385542169,0.03096575582727976,0.38780637606061574,0.5770287717265622
