index,A,B,C,D,E
1476,0.00021428571428571427,0.0662989074417333,0.9083171843548536,0.025169622489127345,0.0
781,0.004285714285714286,0.10160619803476947,0.27978432282003707,0.43668042133471235,0.1776433435247669
2374,0.0,0.006944639924935492,0.12222007675163495,0.7728043236688418,0.09803095965458766
270,0.2688053771162823,0.7037262659073175,0.02328468350701273,0.004183673469387756,0.0
9,0.013535321821036107,0.2896518039403456,0.6019123588384321,0.08918622968590059,0.005714285714285714
2535,0.0,0.0,0.00689079281877134,0.7598669381133935,0.23324226906783488
424,0.6863564233385661,0.28833745421245416,0.01816326530612245,0.007142857142857143,0.0
1110,0.23371126616222762,0.758824053814953,0.0074646800228195575,0.0,0.0
2515,0.06061556949342571,0.863210563466198,0.07113472809712759,0.0050391389432485325,0.0
2274,0.8056305196062165,0.18865519467949785,0.004285714285714286,0.0014285714285714286,0.0
2398,0.9565714285714286,0.026285714285714284,0.017142857142857144,0.0,0.0
406,0.0,0.0,0.007207792207792207,0.0852913961038961,0.9075008116883116
606,0.005098522167487685,0.06474453465441585,0.4986320350398689,0.3953340981272207,0.03619081001100705
2613,0.0,0.0014285714285714286,0.0,0.5594202974928427,0.4391511310785858
705,0.0,0.0,0.01247247990105133,0.4126727329619996,0.5748547871369489
1087,0.002481518384744191,0.06731070860716395,0.6958303447911213,0.22243695202649422,0.011940476190476192
614,0.0,0.0,0.002857142857142857,0.04428571428571428,0.9528571428571428
1324,0.0014285714285714286,0.06412008281573499,0.12437441770361023,0.6301170228778924,0.1799599051741909
1431,0.0,0.0014285714285714286,0.01758143895768495,0.9398782566184724,0.04111173299527147
863,0.11688491228941994,0.8609925139042087,0.019265430949228855,0.002857142857142857,0.0
122,0.0014285714285714286,0.10836053060324159,0.377742822962762,0.39871662080055476,0.11375145420487036
1033,0.0014285714285714286,0.09445289206917112,0.1642100528536146,0.6234109121977128,0.11649757145092997
1968,0.0,0.0,0.0073098901098901095,0.3232431431097986,0.6694469667803116
2443,0.34600751622306763,0.6276035094898316,0.023531831429957892,0.002857142857142857,0.0
1765,0.7922320215776454,0.2062203593747355,0.0015476190476190475,0.0,0.0
1308,0.0,0.07614285714285714,0.08923015873015873,0.5971364649402462,0.23749051918673794
2018,0.0,0.021095238095238094,0.05664743589743589,0.33226117139655836,0.5899961546107677
2323,0.00010582010582010581,0.04002512158392283,0.5150516470568112,0.4248195295335904,0.019997881719855663
467,0.0014285714285714286,0.11679328740466305,0.800000146097156,0.07892085221246702,0.002857142857142857
140,0.0,0.0,0.008073876472363161,0.850041180448178,0.1418849430794584
2098,0.04092703391886627,0.9583988782641888,0.0006740878169449598,0.0,0.0
28,0.02129448145938282,0.566723355306969,0.37405302687074166,0.03505457190297609,0.0028745644599303135
242,0.002857142857142857,0.041109890109890114,0.25300635166924107,0.5268399385839717,0.17618667677975428
2786,0.0,0.0014285714285714286,0.034220852575367854,0.7385024681934309,0.2258481078026301
1794,0.0015535906783648893,0.4571157287257438,0.5042859013204564,0.037044779275434946,0.0
1273,0.0,0.005714285714285714,0.01774146934754977,0.712582515387966,0.26396172955019875
856,0.0,0.007142857142857143,0.024156177156177155,0.7885581198598667,0.1801428458410988
1926,0.0,0.0,0.002812290992766179,0.8674919093710075,0.1296957996362264
2346,0.0,0.015049261083743843,0.29414815904623337,0.656638867067749,0.034163712802273836
2834,0.0,0.023734827264239027,0.05905458639905692,0.6213550200636294,0.2958555662730747
2472,0.0,0.007142857142857143,0.06482174688057041,0.61704771825118,0.3109876777253924
1199,0.4498160844323635,0.3625300694137903,0.1143021978021978,0.06478021978021978,0.008571428571428572
587,0.0,0.046572861915872316,0.5616300634426928,0.359000510611512,0.03279656402992317
1448,0.0,0.006490683229813665,0.12338444591777811,0.7082136100696629,0.16191126078274518
2446,0.8471598639455783,0.14712585034013606,0.002857142857142857,0.002857142857142857,0.0
2879,0.0,0.0014285714285714286,0.0029004329004329,0.045168712956578705,0.9505022827144171
1567,0.0,0.05312812739666961,0.4412038894108228,0.468018028839137,0.037649954353370506
1234,0.0,0.0,0.006630121557997316,0.8532482354267931,0.1401216430152094
1685,0.9162244897959184,0.08234693877551019,0.0014285714285714286,0.0,0.0
1896,0.013333333333333332,0.2131056667924407,0.32172652210742203,0.41863434025416635,0.03320013751263751
1778,0.15785107434008583,0.767435889738018,0.06899875020761043,0.004285714285714286,0.0014285714285714286
2038,0.0,0.002857142857142857,0.01749350649350649,0.26659823300849145,0.7130511176408589
2670,0.0014285714285714286,0.005714285714285714,0.008571428571428572,0.14371636470812724,0.840569349577587
1350,0.0014285714285714286,0.002857142857142857,0.01604987513009338,0.45035774425932273,0.5293066663248698
1440,0.04167102580066376,0.8350476402416684,0.12005077969608924,0.0031859114044357185,4.464285714285714e-05
2369,0.0,0.0,0.004360902255639098,0.05455810091020426,0.941080996834157
161,0.0014285714285714286,0.0,0.01130218786079025,0.6235794364796907,0.3636898042309478
24,0.0,0.013469387755102041,0.22921366906447624,0.693730118760316,0.06358682442010585
1548,0.0,0.002857142857142857,0.007142857142857143,0.2739497256605375,0.7160502743394624
2636,0.0,0.002857142857142857,0.037571428571428575,0.32729140429064946,0.6322800242807791
1236,0.0,0.007904761904761904,0.10572009841447967,0.7872130856859005,0.09916205399485808
1583,0.0897668515177811,0.6750877120619142,0.22936721918868216,0.00577821723162245,0.0
2291,0.0,0.020634920634920634,0.31426102900364417,0.6313000983490308,0.03380395201240442
2132,0.028783895772302358,0.7303639300137604,0.2363368302537821,0.004453279500224781,6.206445993031358e-05
746,0.0,0.005714285714285714,0.03,0.44638274723969656,0.5179029670460178
1090,0.007231578204404291,0.817895043130764,0.1701981373665928,0.0032466698696675816,0.0014285714285714286
2511,0.0,0.026826207638704337,0.4589976741039342,0.5127475468287901,0.0014285714285714286
1174,0.008934373749499798,0.6381215725360476,0.28156812691352606,0.05966164108664061,0.011714285714285714
502,0.07685642624964044,0.8911143991533341,0.031964239532089676,6.493506493506494e-05,0.0
1801,0.02921368852876645,0.6965642026046749,0.26537775758867777,0.007415779849309794,0.0014285714285714286
375,0.007222222222222222,0.1943266383566462,0.5946856704453003,0.1859772916359301,0.017788177339901477
709,0.0,0.0,0.0,0.06482869101706697,0.9351713089829332
323,0.021906307977736548,0.3000658371873087,0.5467286582789409,0.11687062512744226,0.014428571428571428
2295,0.0,0.04550011315193729,0.3761739491933073,0.5022942641157747,0.07603167353898081
2454,0.10286305638511652,0.8617269644581571,0.03398140772815504,0.0014285714285714286,0.0
1631,0.008571428571428572,0.03779605477725962,0.4109063305885571,0.47701190034846896,0.06571428571428571
632,0.011428571428571429,0.08719472162329304,0.448368578118578,0.33242468267468267,0.12058344615487472
1607,0.002857142857142857,0.11752463615655778,0.375632342348215,0.44934702542780247,0.05463885321028179
1612,0.0014285714285714286,0.05163068548529579,0.5380993799679369,0.2871400387197946,0.12170132439840117
529,0.05525581925705074,0.8121831410709847,0.1222634206243455,0.010297619047619047,0.0
592,0.007073089469706011,0.503301196344946,0.4643709836396159,0.023826159117160663,0.0014285714285714286
1423,0.001591117216117216,0.07066899264784857,0.7699103323634676,0.1549724149154239,0.002857142857142857
2099,0.6543373349339736,0.334234093637455,0.01,0.0014285714285714286,0.0
1863,0.0014285714285714286,0.02440291906236178,0.18734149806938377,0.6582105764115189,0.12861643502816408
144,0.0,0.0015714285714285715,0.11638978007110296,0.8205906977367579,0.06144809362071096
589,0.0980946893909079,0.589883819185205,0.18382568722808298,0.12391008991008991,0.004285714285714286
673,0.014285714285714285,0.29241679629893913,0.3816604530317689,0.27066022747819746,0.04097680890538033
2353,0.2031565316874997,0.7391485733566562,0.04761970698591943,0.010075187969924812,0.0
789,0.0,0.0,0.007670516555867284,0.5914560794043079,0.4008734040398246
2164,0.0014746543778801843,0.1126584192465799,0.82424810038528,0.061618825990260036,0.0
531,0.024749070063974064,0.884609101694645,0.08917411786956067,0.001467710371819961,0.0
1879,0.0,0.014525474525474523,0.09845352266780838,0.2478148581110766,0.6392061446956404
2724,0.0,0.08345299938157082,0.2675259510389886,0.5640718936378409,0.0849491559415996
2812,0.010845564960491908,0.44783416269449666,0.5335763143528097,0.007726536389414552,1.7421602787456446e-05
484,0.2526721986064395,0.7135612936835593,0.030848653206780766,0.0029004329004329,1.7421602787456446e-05
2420,0.011281774732727828,0.4618678894767137,0.5173021318951173,0.008119632466869581,0.0014285714285714286
157,0.0,0.03150246305418719,0.18807149064276424,0.5760561472634219,0.2043698990396267
1453,0.1474710395745976,0.830927232344049,0.021562589138105086,3.913894324853229e-05,0.0
1315,0.0014285714285714286,0.06317687074829932,0.24757668521954238,0.5318906330402734,0.15592723956331345
1224,0.0,0.002857142857142857,0.019198807120102045,0.7042765070285679,0.27366754299418705
1141,0.04210241678694122,0.598267318897414,0.30063233863021915,0.05328363997113998,0.005714285714285714
591,0.278040012744915,0.6850603945536262,0.03689959270145872,0.0,0.0
1921,0.0,0.0,0.006450886761271646,0.8422336525540289,0.1513154606846993
2586,0.0,0.0014285714285714286,0.07470594267059365,0.5829453454055269,0.3409201404953079
1185,0.010870588235294118,0.22133180192613838,0.5213995018771885,0.2039354146612474,0.04246269330013173
902,0.0,0.019126984126984128,0.07474468085106384,0.623425588968921,0.28270274605303103
128,0.0014285714285714286,0.07621287029400621,0.29599044634333355,0.5162577828392975,0.1101103290947913
191,0.0,0.011428571428571429,0.07793735929379726,0.7089954751832507,0.20163859409438076
449,0.6561257865866101,0.338159927699104,0.002857142857142857,0.0014285714285714286,0.0014285714285714286
2388,0.6032419345849659,0.37961520827217693,0.011428571428571429,0.004285714285714286,0.0014285714285714286
1956,0.0014285714285714286,0.02180952380952381,0.040732627022100704,0.5429547935366734,0.3930744842031304
95,0.0014285714285714286,0.005848922902494331,0.17909024399233375,0.8107751188194577,0.002857142857142857
1684,0.9830127758420439,0.016987224157955866,0.0,0.0,0.0
1881,0.0,0.0,0.01996466817690122,0.7588866616849673,0.2211486701381315
849,0.0036304598345023374,0.3228862598098903,0.6587458068398147,0.013291480484434372,0.0014459930313588851
2521,0.009049101691958834,0.5485442388656586,0.3801866416418002,0.053434303514868296,0.008785714285714286
2037,0.0,0.004047619047619048,0.06201281278061464,0.4743176218775367,0.45962194629422964
1298,0.0,0.0014285714285714286,0.004285714285714286,0.12382474119869079,0.8704609730870233
1208,0.0,0.0650971717170179,0.45828118180340993,0.4207341731622636,0.055887473317308686
2790,0.008167974882260596,0.527295268029989,0.4477635258860229,0.013898666741797235,0.0028745644599303135
2723,0.002857142857142857,0.005714285714285714,0.026046043417366948,0.4290162938215925,0.5363662341896119
1410,0.008571428571428572,0.09719655741084314,0.23847535465051498,0.6141553598575772,0.04160129950963608
1846,0.0,0.01607470610097708,0.9289925688566453,0.05064701075666324,0.004285714285714286
1034,0.0,0.004327731092436974,0.17648693825999356,0.7601769610994416,0.05900836954812797
2765,0.0014285714285714286,0.03912698412698413,0.26524581454814855,0.6248802159186064,0.06931841397768959
967,0.967877244706513,0.032122755293487,0.0,0.0,0.0
2372,0.0,0.0014285714285714286,0.010081632653061225,0.11004680916655707,0.8784429867518104
1120,0.004001263306324485,0.6591899644746825,0.33518680764959385,0.001604542966611932,1.7421602787456446e-05
1937,0.0,0.02585714285714286,0.021291049530179962,0.5973512268276846,0.35550058078499264
951,0.005714285714285714,0.06103199219081571,0.400522977429993,0.4631415063998792,0.06958923826502639
1903,0.0,0.0014285714285714286,0.0014285714285714286,0.03598214285714286,0.9611607142857143
2088,0.0014285714285714286,0.016190476190476193,0.05015238917895595,0.6036131754000179,0.32861538780197863
2221,0.011428571428571429,0.18284899749373434,0.4339905940741181,0.3148690511407902,0.056862785862785856
2890,0.22142857142857142,0.25457142857142856,0.2088095238095238,0.2806190476190476,0.03457142857142857
1533,0.005714285714285714,0.1689546049188906,0.38004382522239677,0.3445300366300366,0.10075724751439039
1571,0.045825850480160184,0.5262550649359758,0.3928294701382946,0.030709996218968486,0.004379618226600985
2287,0.0,0.0,0.004285714285714286,0.011428571428571429,0.9842857142857143
378,0.009112956810631229,0.12174022861656147,0.5836632487443825,0.2497519747593954,0.035731591069029484
2082,0.007142857142857143,0.07214285714285715,0.11681894129262549,0.5145163394458507,0.2893790049758095
1294,0.005714285714285714,0.08147619047619048,0.17844126043039085,0.4419313849422545,0.29243687843687843
1445,0.0,0.016615510925855753,0.09548907516790438,0.7284774919731677,0.15941792193307203
2263,0.06110601262516946,0.9357198995578856,0.0017455163883735312,0.0014285714285714286,0.0
2192,0.0,0.0014285714285714286,0.003720397249809014,0.48660508585938406,0.5082459454622356
247,0.015249063033696863,0.9351336401772192,0.04660217375422376,0.003015123034859877,0.0
1263,0.002857142857142857,0.03571428571428571,0.22284711016931424,0.6088379834921016,0.12974347776715547
2310,0.0,0.04266540803053408,0.8106145006177654,0.13808063556938782,0.008639455782312925
2602,0.0,0.14628344671201815,0.233349347512391,0.4674199268640262,0.15294727891156462
1040,0.0,0.0014285714285714286,0.0014285714285714286,0.028993155966840177,0.9681497011760171
1672,0.0074285714285714285,0.03435714285714286,0.10209706959706961,0.44717050576114736,0.4089467103560688
626,0.04185034013605442,0.4220952002187688,0.4382822418184476,0.0877722178267291,0.01
1635,0.9379606634181272,0.05983525494921974,0.002204081632653061,0.0,0.0
1052,0.9607142857142857,0.023571428571428573,0.014285714285714285,0.0014285714285714286,0.0
2334,0.9785365853658536,0.017177700348432055,0.002857142857142857,0.0014285714285714286,0.0
1069,0.7741870748299321,0.199812925170068,0.023142857142857142,0.002857142857142857,0.0
130,0.007142857142857143,0.018571428571428572,0.04285714285714286,0.2538940887940692,0.6775344826345023
2045,0.06904761904761905,0.4301360544217688,0.15921768707482994,0.21778911564625852,0.12380952380952381
2677,0.0,0.01,0.011428571428571429,0.26554501939781877,0.7130264091736098
1929,0.0,0.002857142857142857,0.016536392552169803,0.6109502262300175,0.36965623836066974
1530,0.004285714285714286,0.18550382359840487,0.3556256995151884,0.36026421369147354,0.09432054890921886
1361,0.004285714285714286,0.08314115646258503,0.23751852022860423,0.5400410284446664,0.13501358057843021
1698,0.1371517471441126,0.861234866242501,0.0016133866133866135,0.0,0.0
2643,0.0,0.0,0.004360902255639097,0.20869808937331658,0.7869410083710443
1832,0.5590168284096856,0.3893073474144903,0.04707264957264958,0.004603174603174603,0.0
163,0.0,0.016274509803921568,0.02502427548371821,0.7739666111468044,0.18473460356555582
839,0.03023620834284234,0.5191944861340897,0.39201818376470904,0.04261427586615557,0.015936845892203035
2928,0.002857142857142857,0.10196090747030595,0.5533865057836849,0.2745023484303571,0.06729309545850899
1359,0.0,0.004285714285714286,0.007142857142857143,0.13965780192222169,0.848913626649207
2600,0.0,0.01,0.06644522868435912,0.5536670268101112,0.3698877445055297
519,0.010890134000789739,0.5391163478651758,0.44777754528164393,0.002215972852390767,0.0
918,0.08974526369687659,0.44418138760880693,0.22432070319167094,0.17753561253561254,0.06421703296703297
2891,0.31718275147896985,0.6553197034574433,0.02319440917508495,0.002857142857142857,0.0014459930313588851
2289,0.0,0.0,0.0,0.030742206922929814,0.9692577930770702
516,0.007192118226600985,0.3161032118279036,0.5442905568794426,0.11955697020890986,0.012857142857142857
1554,0.0,0.005714285714285714,0.008642857142857143,0.18873994666851807,0.796902910474339
296,0.47332428373127006,0.43752019607158843,0.06766201370363512,0.018636363636363635,0.002857142857142857
1064,0.918266106442577,0.07887675070028012,0.0014285714285714286,0.0014285714285714286,0.0
728,0.024444444444444442,0.23449402352033932,0.3090528565002249,0.35034227051144345,0.08166640502354788
1195,0.0015384615384615385,0.060431283002711576,0.05671262413011182,0.7264101202212911,0.154907511107424
2768,0.0014285714285714286,0.012624472202674174,0.1089714521157092,0.7364583678872479,0.14051713636579735
546,0.004386491557223264,0.2829031240788002,0.6585353677228787,0.04988930235538406,0.004285714285714286
389,0.002857142857142857,0.01959471562919839,0.3608578725084362,0.470706976649142,0.14598329235608062
2526,0.002857142857142857,0.06042350754853996,0.5349725457439675,0.352538689304797,0.04920811454555297
2929,0.059843811105321346,0.7676671660127988,0.12903153988868274,0.04345748299319728,0.0
2550,0.0,0.009285714285714286,0.06037783021754429,0.7793540518179042,0.1509824036788374
2010,0.002857142857142857,0.005714285714285714,0.05009523809523809,0.4095247356512361,0.5318085976820972
1960,0.0,0.011428571428571429,0.05482395740905057,0.634159256363871,0.29958821479850717
2249,0.0,0.0014285714285714286,0.10481742436225104,0.821145475531955,0.072608528677223
81,0.0014285714285714286,0.037430953836452,0.5484040918862636,0.35940773927006947,0.05332864357864357
2581,0.0,0.01,0.09920029097420399,0.7253292996758784,0.16547040934991747
2729,0.0014285714285714286,0.007919254658385095,0.12333840325502536,0.6441150119058927,0.22319875875212547
466,0.0014285714285714286,0.03257226026511249,0.9237394798416749,0.04225968846464116,0.0
1750,0.0001958041958041958,0.2680617895139403,0.725334143268286,0.004979691593398314,0.0014285714285714286
610,0.0014285714285714286,0.04910915835857156,0.5004376995295827,0.4038904977182017,0.04513407296507293
2473,0.0014285714285714286,0.013536206896551726,0.17579266060901588,0.7344588531162779,0.07478370794958301
2395,0.9356972570799821,0.05715988577716067,0.0014285714285714286,0.005714285714285714,0.0
1435,0.007565934065934065,0.6371042254791283,0.3167132170092511,0.03574205898575646,0.0028745644599303135
2227,0.0032653061224489793,0.0389483855557727,0.32993546125218126,0.5101093795424154,0.11774146752718183
1244,0.0,0.0014285714285714286,0.006671447587355103,0.8297869408499052,0.16211304013416786
2877,0.0,0.025759637188208617,0.07338548367797137,0.7172593161740591,0.1835955629597606
238,0.004285714285714286,0.016095238095238093,0.10368682136123995,0.5211881521400589,0.35474407411774883
1601,0.0,0.012857142857142857,0.03364147307859314,0.5730178783680973,0.3804835056961668
1043,0.0,0.0,0.0,0.004495192307692308,0.9955048076923076
1768,0.030597001098725325,0.8756863625307673,0.08687990167662973,0.006836734693877551,0.0
1997,0.06142857142857143,0.3488958814877932,0.33589134109354707,0.19235563456151694,0.06142857142857143
2629,0.0,0.0,0.0033706294500172617,0.7676734139644835,0.22895595658549886
1905,0.006,0.18668623669037995,0.5359184295576352,0.25747620403113114,0.013919129720853858
1493,0.0023214285714285715,0.17422748806751773,0.764465189525986,0.05612875097792513,0.002857142857142857
1616,0.0,0.0422279575359762,0.8630363340667336,0.08330713696871855,0.011428571428571429
2022,0.0014285714285714286,0.22988435374149663,0.2268829096197109,0.4393545316713018,0.10244963353891927
737,0.0,0.0,0.002857142857142857,0.2305989692736976,0.7665438878691598
1862,0.03562904623231988,0.9148556309731352,0.03942814833666108,0.01008717445788384,0.0
682,0.0,0.0,0.0014285714285714286,0.24226848717789612,0.7563029413935325
1841,0.0,0.009398299958539592,0.6983672110804938,0.2893416318181095,0.0028928571428571428
129,0.0,0.0014285714285714286,0.007207792207792207,0.39837840886032005,0.5929852275033164
1909,0.002857142857142857,0.062030612244897955,0.46706053617388055,0.4185618908440973,0.049489817879981156
2000,0.005714285714285714,0.085,0.15404761904761904,0.5854064454064454,0.16983164983164983
1269,0.0014285714285714286,0.010638278388278388,0.14160963303432247,0.6377216828122939,0.20860183433653362
2759,0.6174039631094816,0.3691477610284494,0.010591133004926109,0.002857142857142857,0.0
2798,0.07388314099283269,0.7823367516492941,0.11519911706702005,0.028580990290853182,0.0
950,0.0,0.0,0.09939053450550743,0.5652308425156174,0.3353786229788751
837,0.009241293730424165,0.5398233664926969,0.41367218691716207,0.03099363041659328,0.006269522443123591
1966,0.0,0.041761904761904764,0.22917519574972986,0.6078873236633083,0.12117557582505682
2494,0.0,0.0014285714285714286,0.0016894436345966958,0.6746320075161392,0.3222499774206929
1317,0.0014285714285714286,0.03857142857142857,0.16336734693877553,0.4268084772370487,0.36982417582417576
1675,0.0,0.0,0.002857142857142857,0.021700680272108842,0.9754421768707484
2016,0.0,0.004285714285714286,0.011847826086956524,0.4012619561520501,0.5826045034752791
2273,0.014285714285714285,0.3346485260770975,0.28741950113378684,0.3126938775510204,0.05095238095238095
1060,0.915338570210693,0.08180428693216417,0.002857142857142857,0.0,0.0
1151,0.0,0.011428571428571429,0.04016483516483517,0.7035722530286775,0.24483434037791577
2212,0.002857142857142857,0.017142857142857144,0.1021908574541365,0.5695720521744136,0.30823709037145
681,0.0,0.0014285714285714286,0.037727075826568736,0.783555708352389,0.17728864439247058
1079,0.01992591828899396,0.49296205257548786,0.47158478364886386,0.014036609598152677,0.0014906358885017422
2619,0.0,0.030739229024943315,0.06349865735767991,0.6590210641310706,0.24674104948630596
2209,0.004285714285714286,0.1552878818193944,0.21642048707594927,0.5292316106618442,0.09477430615709782
908,0.0,0.007976190476190475,0.17285631331214038,0.5518726866535585,0.2672948095581105
532,0.0031224884954862073,0.46601216836502146,0.5156532937107375,0.015212049428754836,0.0
2197,0.0,0.0,0.0014718614718614719,0.07210818495325944,0.926419953574879
1097,0.00012987012987012987,0.0899573515841842,0.8691007495690095,0.03938345728836492,0.0014285714285714286
2876,0.0,0.0,0.0014285714285714286,0.1649514603613383,0.8336199682100903
2652,0.0,0.06388888888888888,0.09453902377815421,0.5755133473323227,0.2660587400006343
1995,0.007142857142857143,0.08071428571428571,0.07261904761904761,0.5012120898425245,0.3383117196812849
33,0.0,0.01696659397411277,0.12801494057881432,0.8201056114165718,0.03491285403050109
1057,0.9681794425087108,0.031820557491289196,0.0,0.0,0.0
1980,0.0,0.01,0.012040816326530613,0.3369820515037345,0.6409771321697347
322,0.0014285714285714286,0.04431229188372046,0.3318025341931215,0.5092391524082651,0.11321745008632157
2712,0.0,0.0014285714285714286,0.10815834869242753,0.7887018355754364,0.10171124430356486
1615,0.004256410256410256,0.30910362043521605,0.6613521382035301,0.025287831104843554,0.0
1062,0.8865151112691682,0.11205631730226051,0.0014285714285714286,0.0,0.0
321,0.8421768707482995,0.15639455782312925,0.0014285714285714286,0.0,0.0
477,0.0024460730780606556,0.16113102763512235,0.8033438699712425,0.033079029315574465,0.0
2191,0.0,0.002857142857142857,0.0031768707482993193,0.2993489946930722,0.6946169917014854
2226,0.07023663234040593,0.5078365881024237,0.24993413322459015,0.1445640749040088,0.027428571428571427
1632,0.06459677915581549,0.6592387140535652,0.154879419071321,0.11247556390977445,0.00880952380952381
1222,0.0,0.0,0.002857142857142857,0.0881951682065887,0.9089476889362684
234,0.04435732187611887,0.21409577108355307,0.2977657882623054,0.33543291142981546,0.10834820734820734
540,0.0,0.002857142857142857,0.02174238937885732,0.7008378769242345,0.2745625908397653
1270,0.0,0.02142857142857143,0.06489147688060731,0.7958573293314561,0.11782262235936496
1439,0.008288187001978134,0.6625976009436432,0.3232602506307251,0.00442538999508192,0.0014285714285714286
2569,0.0,0.0,0.0017285986327335186,0.6486901189907399,0.34958128237652686
143,0.0,0.004285714285714286,0.030251868971108046,0.7194181432266694,0.24604427351650787
505,0.01936417702785989,0.7131772143586844,0.2510985452410603,0.014931491943823778,0.0014285714285714286
2253,0.0,0.018571428571428572,0.06428571428571428,0.376884327866268,0.5402585292765891
1326,0.0,0.0014285714285714286,0.010285714285714285,0.43036266736386575,0.5579230469218485
731,0.0,0.02266666666666667,0.21978240608597746,0.4845458974965277,0.273005029750828
2501,0.8438654423757806,0.14613455762421929,0.004285714285714286,0.005714285714285714,0.0
2775,0.05615270905166312,0.8198260984046768,0.12096559406950202,0.0016270270455864225,0.0014285714285714286
818,0.8140051227808197,0.16170916293346604,0.02214285714285714,0.002142857142857143,0.0
2539,0.005714285714285714,0.02,0.07824927025901782,0.8206698959788514,0.07536654804784504
2046,0.0,0.0,0.0048253968253968256,0.36528962240744856,0.6298849807671545
442,0.7433129251700679,0.2428775510204082,0.013809523809523811,0.0,0.0
1343,0.0,0.004285714285714286,0.008571428571428572,0.18576131759470774,0.8013815395481494
1693,0.9906794425087109,0.00789198606271777,0.0014285714285714286,0.0,0.0
2153,0.06208208181786303,0.7318079481008418,0.19129431235478686,0.01479823612372086,1.7421602787456446e-05
2819,0.0,0.002857142857142857,0.01324098124098124,0.6582716765382154,0.32563019936366067
1888,0.0,0.006666666666666666,0.05788942010370582,0.6709148941038537,0.2645290191257735
436,0.7704445962190979,0.2209839752094737,0.002857142857142857,0.005714285714285714,0.0
2628,0.0,0.0014285714285714286,0.0025970243663067894,0.890531165195737,0.10544323900938433
915,0.0014285714285714286,0.13335374149659865,0.1650882450882451,0.5257212417196889,0.17440820026689594
2709,0.0,0.04672597224958544,0.4500939798698961,0.48119674957148084,0.021983298309037724
2014,0.0,0.0,0.00759578902960613,0.3627616053205362,0.6296426056498576
1505,0.0014285714285714286,0.004285714285714286,0.013170426065162905,0.21186705914227888,0.7692482290782724
1130,0.010046838407494145,0.6332572802975682,0.34316416723568444,0.010674571202110376,0.002857142857142857
2635,0.03,0.1340589569160998,0.1870579747050335,0.4367142008318479,0.21216886754701875
2599,0.0014285714285714286,0.005714285714285714,0.01,0.14603816183816185,0.836818981018981
1751,0.002987259419896991,0.03056134515732114,0.7687602866686314,0.19622682303986475,0.0014642857142857142
760,0.0,0.004285714285714286,0.06601741097116869,0.5739511873959613,0.35574568734715584
435,0.7780690640553285,0.20764522165895724,0.014285714285714285,0.0,0.0
2912,0.010714285714285714,0.09025061842918985,0.24601054104625536,0.6057513373192815,0.047273217490987535
1906,0.0,0.0,0.010851222424073154,0.7935007062733905,0.19564807130253647
657,0.0,0.007142857142857143,0.011428571428571429,0.24188537282688977,0.7395431986016816
7,0.0014661654135338347,0.15573175072771447,0.7903767949684712,0.05097929585892152,0.0014459930313588851
1248,0.01607142857142857,0.3389144193909448,0.30539097878140337,0.3079502759154688,0.03167289734075448
2919,0.0,0.0,0.0,0.007142857142857143,0.9928571428571429
685,0.0,0.017673992673992674,0.12377854486783059,0.6024844439145214,0.2560630185436555
486,0.0001301165627541339,0.043504449119299925,0.8305220249632153,0.11723626649758774,0.008607142857142858
461,0.039074407574476076,0.7456845966562623,0.21293386891048965,0.0008611338274128972,0.0014459930313588851
569,0.036883426917909676,0.4283775455079507,0.3606764214250674,0.16358641567288185,0.010476190476190477
65,0.7558178780284045,0.23418212197159566,0.007142857142857143,0.002857142857142857,0.0
2503,0.40557117350693994,0.5691227040440806,0.01816326530612245,0.007142857142857143,0.0
362,0.0,0.03342407905496268,0.47578650741910167,0.46902406081782333,0.021765352708112303
1945,0.21,0.2535,0.21292857142857144,0.2392857142857143,0.08428571428571428
2577,0.0014285714285714286,0.007216748768472907,0.19643974581715534,0.6913297551948819,0.10358517879091839
2211,0.014285714285714285,0.18850833511815518,0.41930991764714187,0.3300868340833381,0.047809198865650486
1206,0.0,0.0014285714285714286,0.0,0.23225030930177662,0.7663211192696523
2673,0.0014285714285714286,0.10390589569160998,0.2134263341700316,0.5122994944122886,0.16893970429749833
2089,0.02055669194507071,0.38061510715456287,0.41050028991566,0.1704416233592883,0.01788628762541806
395,0.0,0.007525510204081632,0.1028728952272339,0.6101439588115729,0.2794576357571118
455,0.020425817330603703,0.7432249314355731,0.22660338640705305,0.00972844322398275,1.7421602787456446e-05
1515,0.0017142857142857142,0.05204081632653061,0.103703231292517,0.43097441791708707,0.4115672487495795
488,0.0,0.05311549741950227,0.9139497305364453,0.03268267120371665,0.00025210084033613445
1345,0.011428571428571429,0.1912823129251701,0.19638449540655423,0.4173113959934841,0.18359322424622024
884,0.004285714285714286,0.03336734693877551,0.10575514679556032,0.37837375264177564,0.4782180393381743
2238,0.0,0.002857142857142857,0.010863095238095238,0.2916993315753559,0.6945804303294062
1659,0.009586466165413534,0.2750519752615929,0.5790407861202334,0.12463961303247022,0.011681159420289857
222,0.0,0.0014285714285714286,0.018763736263736265,0.8140641736267971,0.16574351868089499
2672,0.002857142857142857,0.20456211180124223,0.3689845908060194,0.31406863443664684,0.10952752009894866
218,0.0,0.0,0.24544862115209112,0.685217495404731,0.0693338834431782
777,0.002857142857142857,0.06199484024221655,0.4293357335710623,0.3939355169308648,0.11187676639871341
616,0.011428571428571429,0.11386702706160835,0.4531912506052642,0.3387901076642714,0.08272304324028462
2092,0.33809275184432747,0.571305496235689,0.06961844950810972,0.020983302411873843,0.0
2745,0.0014285714285714286,0.027142857142857142,0.11861072842653313,0.5754770422383488,0.2773408007636896
598,0.0014285714285714286,0.015879282692329254,0.639733409848641,0.31444755220692033,0.028511183823537983
160,0.26528312496169637,0.452763151128058,0.18623943819595995,0.08,0.015714285714285715
996,0.002857142857142857,0.04067874702467977,0.8983638204706758,0.04952886107607326,0.008571428571428572
2394,0.8983043924887026,0.10026703608272577,0.0014285714285714286,0.0,0.0
1183,0.3916327028015597,0.5151453530659272,0.06677585765194362,0.01623809523809524,0.010207991242474
483,0.05079530378566945,0.9096907264143376,0.039120383426303744,0.00037616477090161296,1.7421602787456446e-05
2872,0.0,0.0,0.00035124508519003935,0.25210903401052454,0.7475397209042854
432,0.9834067152359837,0.013736141906873615,0.0,0.002857142857142857,0.0
194,0.0,0.0,0.0,0.13388104081805705,0.8661189591819431
758,0.002857142857142857,0.004285714285714286,0.04336734693877551,0.5151089236387709,0.4343808722795964
2502,0.09938707288802535,0.8851914793603873,0.011118311863085381,0.004285714285714286,1.7421602787456446e-05
1782,0.6442284582028943,0.34291439893996284,0.012857142857142857,0.0,0.0
2390,0.6732563873892271,0.309871817738978,0.004014652014652015,0.011428571428571429,0.0014285714285714286
559,0.0,0.011428571428571429,0.00868131868131868,0.8148298076597534,0.16506030223035617
2818,0.0,0.01,0.03429622140252955,0.3756642013966688,0.5800395772008015
437,0.5841946637063041,0.4115196220079816,0.004285714285714286,0.0,0.0
2592,0.09714285714285714,0.425219298245614,0.24364149008885846,0.1944725449988608,0.039523809523809524
2181,0.7536029009304872,0.04782567049808429,0.1657142857142857,0.032857142857142856,0.0
326,0.0,0.0014285714285714286,0.008075187969924812,0.04129243404678945,0.9492038065547143
1226,0.008571428571428572,0.11928571428571429,0.307449752628324,0.5017995942516587,0.06289351026287429
2064,0.0,0.06219974196575182,0.237947071820037,0.6073508967747933,0.0925022894394177
2764,0.0014285714285714286,0.22033642944357235,0.3136752204621663,0.33219104724690374,0.13236873141878622
1036,0.0,0.0,0.0041516357835320195,0.6123341901432187,0.3835141740732493
64,0.04213974569393945,0.49453542433440906,0.4171704457929829,0.041832955607240256,0.0043214285714285715
445,0.2965238467887438,0.6855966995996554,0.01495737568952284,0.002922077922077922,0.0
197,0.0,0.0,0.04621255926613069,0.5540095963197363,0.399777844414133
642,0.0,0.0,0.016164819125231284,0.7996793700337614,0.184155810841007
1991,0.0,0.0014285714285714286,0.06402460690847418,0.7163520986772524,0.21819472298570214
823,0.0065179076432692615,0.733078528021098,0.25713638903826425,0.0032497536945812807,1.7421602787456446e-05
1634,0.06053991404250256,0.49376722510376575,0.4294010242716413,0.01629183658209061,0.0
1156,0.0014285714285714286,0.08960041778949343,0.2639734991802805,0.5380024380758245,0.10699507352583018
141,0.018571428571428572,0.17349876969672368,0.38107316900409693,0.4100462540308174,0.016810378696933317
1696,0.7163917208988858,0.27916383465666966,0.003015873015873016,0.0014285714285714286,0.0
2811,0.0030425948141187304,0.6522975209824856,0.33576984662594744,0.008890037577448398,0.0
2804,0.12764049814555414,0.8229310001103917,0.04732058190695217,0.0021079198371021326,0.0
2544,0.012967032967032967,0.19063521882279386,0.3500984543299416,0.38149815101570833,0.06480114286452318
2347,0.13825446798489588,0.5048310264263928,0.3140327043281507,0.03420048257924198,0.00868131868131868
1012,0.9332279942279943,0.06391486291486291,0.002857142857142857,0.0,0.0
132,0.0014285714285714286,0.0494675925925926,0.3433445767659175,0.5486490205325498,0.05711023868036881
922,0.0,0.012857142857142857,0.12340115844044418,0.5449432208908577,0.31879847781155507
16,0.03650119507262365,0.3966593920731741,0.4107581044687792,0.1327420226711374,0.02333928571428571
1574,0.4229422626150267,0.5704675004997056,0.005161665456696512,0.0014285714285714286,0.0
1044,0.0,0.0,0.0014285714285714286,0.005923763736263736,0.9926476648351648
1288,0.0943956043956044,0.39224725274725275,0.1794795918367347,0.25,0.08387755102040817
2487,0.002857142857142857,0.023226773226773228,0.10511570681644575,0.43258853338779457,0.4362118437118436
1568,0.0,0.07270399441828013,0.20451749107200232,0.5997034116480602,0.12307510286165747
1275,0.0,0.004285714285714286,0.008951072736787021,0.42662943241723467,0.5601337805602642
1460,0.3642974245598894,0.5784890318321999,0.04089596394446635,0.014889008234872896,0.0014285714285714286
2785,0.0,0.0014285714285714286,0.011102564102564102,0.4431672923884794,0.544301572080385
1519,0.005848214285714286,0.07240411681914145,0.2053412057628164,0.44209282550709766,0.2743136376252302
1669,0.0,0.0,5.4945054945054945e-05,0.4144338007818047,0.5855112541632504
1295,0.002857142857142857,0.02,0.08708791208791208,0.21206043956043957,0.6779945054945056
2579,0.0,0.011428571428571429,0.11857813838213793,0.7967849679423359,0.07320832224695477
1920,0.0,0.02060515873015873,0.14357144746010292,0.712735629237656,0.12308776457208215
1303,0.0,0.0,0.0,0.23007260662271553,0.7699273933772847
1761,0.9613678833060828,0.035604905809563506,0.0030272108843537415,0.0,0.0
857,0.005714285714285714,0.027142857142857142,0.19929731298981807,0.5422290852677082,0.22561645888533097
584,0.0014285714285714286,0.0233657157262634,0.4368576140047014,0.47395367385115217,0.06439442498931153
864,0.23710320166556545,0.7267091494748328,0.032854315526268676,0.003333333333333333,0.0
1132,0.0019333299647174098,0.48526158343014614,0.49598677917433975,0.016800885828009447,1.7421602787456446e-05
1813,0.08539083985897754,0.7888698212404128,0.10889301735410876,0.015355685657999182,0.0014906358885017422
1192,0.0,0.011889795918367346,0.3801312858564595,0.5452707041399039,0.06270821408526926
2748,0.026807885237006834,0.6527696473085016,0.30867889745668026,0.011743569997811778,0.0
1804,0.4855474300831444,0.430129941640739,0.06325119970468808,0.02107142857142857,0.0
1611,0.0015476190476190475,0.228046423589998,0.5057527689438929,0.2566880816861421,0.007965106732348112
444,0.35137299334904726,0.6357698637938098,0.012857142857142857,0.0,0.0
2379,0.959012775842044,0.03670150987224158,0.002857142857142857,0.0014285714285714286,0.0
1420,0.12893483319269586,0.8292537264082736,0.03960364819123842,0.0022077922077922076,0.0
1214,0.0,0.002857142857142857,0.04501377063321293,0.863685714532942,0.08844337197670259
2836,0.0,0.002857142857142857,0.007348997493734336,0.23929355683685297,0.7505003028122698
94,0.0007802197802197803,0.33349953765356855,0.4726976138412893,0.183005207122135,0.010017421602787456
1323,0.0,0.0,0.0058563471260063655,0.5273461939416058,0.46679745893238794
596,0.007495998399359744,0.4657653390437042,0.39726966956162724,0.12302197531676402,0.006447017678544773
1662,0.0,0.0014285714285714286,0.035982182566111146,0.44412287661828015,0.5184663693870373
398,0.0,0.004285714285714286,0.007483516483516484,0.5282850059265217,0.4599457633042476
631,0.004285714285714286,0.10664871494329649,0.3938061427914225,0.41454335207552095,0.08071607590404584
1367,0.0,0.002857142857142857,0.02035714285714286,0.3190097956255245,0.6577759186601898
139,0.05473394038660431,0.8483926822576467,0.09526807572175654,0.0015878800312046923,1.7421602787456446e-05
2051,0.0,0.0,0.0031517299286622905,0.6435559729569186,0.3532922971144192
2281,0.005714285714285714,0.16889058956916098,0.1785421998636284,0.5824447615876187,0.06440816326530611
714,0.0,0.0,0.008571428571428572,0.14857793112668963,0.842850640301882
2432,0.025714285714285714,0.15040362939545626,0.7710861614627534,0.04565306628464771,0.007142857142857143
151,0.0,0.0,0.02535029785879215,0.6622789582927916,0.312370743848416
1169,0.3360827825383027,0.45017413593265354,0.18377482756078978,0.022587301587301586,0.007380952380952381
1766,0.2639800502217006,0.7234566865017709,0.01249832821159352,6.493506493506494e-05,0.0
2516,0.14064870904807694,0.7578847648121781,0.0811755208487396,0.020052910052910055,0.0002380952380952381
548,0.0030676820398733637,0.17642380428369853,0.5972488208095607,0.21038512840693716,0.012874564459930312
125,0.018857142857142857,0.13071428571428573,0.16053571428571428,0.43719363197370725,0.25269922516914994
1121,0.02873146190219361,0.5415636667520575,0.428021516008865,0.0016833553368839718,0.0
2807,0.03179220853662577,0.6756289222671361,0.2662199250581847,0.0249303727094823,0.0014285714285714286
2202,0.0,0.019735581188997337,0.11191358311001172,0.5545016421046183,0.3138491935963727
2478,0.003042124542124542,0.14289040742892087,0.7935636826094882,0.05764664256232339,0.002857142857142857
1061,0.2862649660485795,0.670917837564669,0.03853148210103713,0.0014285714285714286,0.002857142857142857
2117,0.026142857142857138,0.41710270774976665,0.33890409497132185,0.18356462585034014,0.03428571428571429
1734,0.002857142857142857,0.02580576604171445,0.8924936658609347,0.07884342524020839,0.0
2284,0.0014285714285714286,0.003321988356471115,0.122582522740567,0.7423473444696145,0.1303195730047763
2852,0.0,0.01,0.023324016563147,0.3636020491087072,0.6030739343281459
701,0.0014285714285714286,0.03687755102040817,0.07591456110109361,0.620791535199598,0.2649877812503288
2264,0.0005842937550254623,0.08522110224828325,0.730309682620171,0.15854625279872125,0.025338668577799015
892,0.0,0.002857142857142857,0.028115264545366052,0.9430675447985545,0.025960047798936705
288,0.0,0.026142857142857138,0.15144658772599948,0.5508682657205818,0.2715422894105617
359,0.0,0.02434978110167896,0.5327127370061719,0.427605230809898,0.015332251082251084
2809,0.0,0.11381080727379751,0.8769171244408833,0.009272068285319854,0.0
2517,0.010203068820580342,0.08322291600723226,0.43949918123155485,0.4332546043717924,0.03382022956884023
2002,0.0,0.0014285714285714286,0.004662844401974837,0.24198978040255226,0.7519188037669017
796,0.0014285714285714286,0.016808390022675736,0.20608501063305595,0.5891337735046679,0.18654425441102893
2009,0.0,0.0014285714285714286,0.03727777777777778,0.3893072882980362,0.5719863624956144
1743,0.10856663118543367,0.6933243591109729,0.19504387560397674,0.0015873015873015873,0.001477832512315271
2463,0.10605023270544373,0.8880013100313615,0.00588201208047077,6.64451827242525e-05,0.0
1204,0.0,0.0,0.004010356348701761,0.3797040419663648,0.6162856016849335
694,0.0014285714285714286,0.060714285714285714,0.12383608058608059,0.5521791055105996,0.26184195676046274
1919,0.0,0.0014285714285714286,0.005016553794023167,0.9189773365112996,0.0745775382661054
